00010010010000000000000000000000000000000000000000000
00000010010000011000100000001000000000000000000000000
00000110010100000000010000001101100000000000000000000
00000011000100000000010000001101100000000000000000000
00011010100000000000000000000000000000000000000000000
00000010010000011000100000001000001000000000000000000
00000110011100000000010000001101100000100000000000000
00000010111100000000010000001101100000100000000000000
00000101100100000000000000000000000000010000000000000
00000010010000011000100000001000010000000000000000000
00000010011000000000000000000000000000000000000000100
00000001010000000000000000000000000000000000000000000
00000010010000000100000100001100000000000000000000000
00000010010000011000001000001000000000000000000000000
00000010010000010000010000000010100000100000000000000
00000011100100000000010000000000000000000000000000000
00001010000000000000000000000000000111000000000000000
00001010001000000000000000000000000110000000000000000
00100100010010000000000000000000000001000000000100000
00000010010000000100000110000000000000000000000000000
00000010010000010110000100101100000000000000000000000
00000010010000010110000100100011000000100000000000000
00000010010000000100000100000010000000100000000000000
10000010000010000000100000000000011001000000000000100
11000010001010000000100000000000011000000000000000100
00001011001010000000000000000000000101000000000000000
00000100100100010000000001000000000000010000000100000
00000010010000011001000000000000000001000000000000000
00001011100010010010000000100000000101000000000000000
00001011101010000000000000000000000100000000000000000
00000010010000000101000010000000000001000000000000000
00000010010000011001000000000000000000000000000000000
01000000000000100000000000000000000000000000000000000
00001100001010000000000000000000000101000000000000000
00000110001100000110000000000000000000000000000000000
00000100000001000001000000000000000001000000000000000
00001100100000000000000000000000000111000000000000000
00001100101000000000000000000000000111000000000000000
00000110101010000010000000000000000001001000000000000
00000101000001000000000000000000000000000000000010000
00000101001100000000010000010110100000100000000000000
00001101001010000000000000000000000101000000000000000
00000011010000000000100000011000011000001000110000000
00000010010000000101000010000000000001000000000000011
00001101100010000000000000000000000101001010000000000
00001101101010000000000000000000000101001010000000000
00000110000000000101000010000000000001000000000000000
00000110100000000001000000000000000001000000000001000
00000101101100000000000000000000000000010000000000000
10000100001000000000000000000000000000000000000000100
11000011101000000000000000000000000000000000000000100
10000011001000000000000000000000000000000000000000100
00000010010000010000000001000000000000000001000000000
00000100101100010000000001000000000000010000000000000
00000000000000000000000000000000000000000000000000000
00000000000000000000000000000000000000000000000000000
00000000000000000000000000000000000000000000000000000
00000000000000000000000000000000000000000000000000000
00000000000000000000000000000000000000000000000000000
00000000000000000000000000000000000000000000000000000
00000000000000000000000000000000000000000000000000000
00000000000000000000000000000000000000000000000000000
00000000000000000000000000000000000000000000000000000
00000000000000000000000000000000000000000000000000000