00001001001000000000000000000000000000000000000000000000000000
00000001001000001100010000000100000000000000000000000000000000
00000011011110000000001000000101001100000000000000000000011101
00000011011110000000001000000101001100000000000000000000000101
00001101010000000000000000000000000000000000000000000000000000
00000001001000001100010000000100000001000000000000000000000000
00000011001010000000001000000101001100000100000000000000010101
00000011001010000000001000000101001100000100000000000000001101
00000010110010000000000000000000000000000010000000000000000000
00000001001000001100010000000100000010000000000000000000000000
00000001001100000000000000000000000000000000000000000100000000
00000000101000000000000000000000000000000000000000000000000000
00000001001000000010000010000101000000000000000000000000000000
00000001001000001100000100000100000000000000000000000000000000
00000001001000001000001000000000010100000100000000000000000000
01100011011110000000001000000000000000000000000000000100100101
00000101000000000000000000000000000000111000000000000000000000
00000101000100000000000000000000000000110000000000000000000000
00010010001001000000000000000000000000001000000000100000000000
00000001001000000010000011000000000000000000000000000000000000
00000001001000001011000010010101000000000000000000000000000000
00000001001000001011000010010000011000000100000000000000000000
00000001001000000010000010000000010000000100000000000000000000
00000001000001000000010000000000000011001000000000000100000000
00000001000101000000010000000000000011000000000000000100000000
00000101100101000000000000000000000000101000000000000000000000
00000010010010001000000000100000000000000010000000100000000000
00000001001000001100100000000000000000001000000000000000000000
00000101110001001001000000010000000000101000000000000000000000
00000101110101000000000000000000000000100000000000000000000000
00000001001000000010100001000000000000001000000000000000000000
00000001001000001100100000000000000000000000000000000000000000
00100000000000010000000000000000000000000000000000000000000000
00000110000101000000000000000000000000101000000000000000000000
00000011001010000011000000000000000000000000000000000000101001
00000010000000100000100000000000000000001000000000000000000000
00000110010000000000000000000000000000111000000000000000000000
00000110010100000000000000000000000000111000000000000000000000
00000011010101000001000000000000000000001001000000000000000000
00000010100000100000000000000000000000000000000000010000000000
00000010100110000000001000001001010100000100000000000000000000
00000110100101000000000000000000000000101000000000000000000000
00000001101000000000010000001100000011000001000110000000000000
00000001001000000010100001000000000000001000000000000011000000
00000110110001000000000000000000000000101001010000000000000000
00000110110101000000000000000000000000101001010000000000000000
00000011000000000010100001000000000000001000000000000000000000
00000011010000000000100000000000000000001000000000001000000000
00000010110110000000000000000000000000000010000000000000000000
00000000000000000000000000000000000000000000000000000000000000
01100011011100000000000000000000000000000000000000000100000000
00000000000000000000000000000000000000000000000000000000000000
00000001001000001000000000100000000000000000001000000000000000
00000010010110001000000000100000000000000010000000000000000000
00000111011001000000000000000000000000101000000000000000000000
00000011110000000000000000000000000000000000000000000000000100
01000011101000000000000000000000000000000000000000000100000000
00000111100100000000000000000000000000111000000000000000000000
00000011100100000000000000000000000000000000000000000000000010
10000000000010000000001000000011101100000000000000000000000000
00000011011010000000001000000010100100000100000000000000000000
00000000000000000000000000000000000000000000000000000000000000
00000000000000000000000000000000000000000000000000000000000000
00000000000000000000000000000000000000000000000000000000000000